,hetero,homo,singlet,prediction
0,0.031,0.261,0.708,singlet
1,0.01,0.018,0.972,singlet
2,0.015,0.005,0.98,singlet
3,0.105,0.058,0.837,singlet
4,0.004,0.004,0.992,singlet
5,0.0,0.0,1.0,singlet
6,0.004,0.015,0.981,singlet
7,0.202,0.028,0.77,singlet
8,0.045,0.304,0.65,singlet
9,0.005,0.043,0.952,singlet
10,0.006,0.043,0.951,singlet
11,0.011,0.018,0.971,singlet
12,0.012,0.036,0.952,singlet
13,0.004,0.034,0.962,singlet
14,0.0,0.001,0.999,singlet
15,0.133,0.043,0.824,singlet
16,0.004,0.03,0.966,singlet
17,0.032,0.05,0.918,singlet
18,0.572,0.014,0.414,hetero
19,0.077,0.035,0.888,singlet
20,0.648,0.02,0.332,hetero
21,0.223,0.101,0.676,singlet
22,0.006,0.043,0.951,singlet
23,0.002,0.007,0.991,singlet
24,0.001,0.003,0.996,singlet
25,0.001,0.01,0.989,singlet
26,0.024,0.203,0.773,singlet
27,0.004,0.015,0.981,singlet
28,0.018,0.051,0.931,singlet
29,0.008,0.039,0.953,singlet
30,0.146,0.072,0.782,singlet
31,0.008,0.071,0.921,singlet
32,0.029,0.041,0.93,singlet
33,0.002,0.01,0.988,singlet
34,0.012,0.034,0.954,singlet
35,0.336,0.011,0.653,singlet
36,0.002,0.006,0.992,singlet
37,0.019,0.074,0.907,singlet
38,0.003,0.016,0.981,singlet
39,0.024,0.057,0.919,singlet
40,0.004,0.023,0.973,singlet
41,0.018,0.075,0.907,singlet
42,0.044,0.109,0.847,singlet
43,0.002,0.082,0.916,singlet
44,0.005,0.042,0.953,singlet
45,0.012,0.026,0.962,singlet
46,0.073,0.04,0.887,singlet
47,0.009,0.079,0.912,singlet
48,0.001,0.0,0.999,singlet
49,0.016,0.012,0.972,singlet
50,0.021,0.083,0.896,singlet
51,0.009,0.038,0.953,singlet
52,0.108,0.063,0.829,singlet
53,0.006,0.084,0.91,singlet
54,0.009,0.058,0.933,singlet
55,0.007,0.046,0.947,singlet
56,0.012,0.058,0.93,singlet
57,0.008,0.019,0.973,singlet
58,0.188,0.065,0.747,singlet
59,0.026,0.035,0.939,singlet
60,0.003,0.007,0.99,singlet
61,0.207,0.039,0.754,singlet
62,0.208,0.028,0.764,singlet
63,0.016,0.041,0.943,singlet
64,0.003,0.008,0.989,singlet
65,0.321,0.014,0.665,singlet
66,0.003,0.022,0.975,singlet
67,0.013,0.01,0.977,singlet
68,0.002,0.019,0.979,singlet
69,0.002,0.098,0.9,singlet
70,0.007,0.057,0.936,singlet
71,0.014,0.021,0.965,singlet
72,0.032,0.05,0.918,singlet
73,0.028,0.085,0.887,singlet
74,0.382,0.159,0.459,singlet
75,0.016,0.024,0.96,singlet
76,0.002,0.019,0.979,singlet
77,0.012,0.024,0.964,singlet
78,0.017,0.031,0.952,singlet
79,0.014,0.041,0.945,singlet
80,0.003,0.002,0.995,singlet
81,0.0,0.0,1.0,singlet
82,0.008,0.039,0.953,singlet
83,0.011,0.066,0.923,singlet
84,0.226,0.177,0.597,singlet
85,0.201,0.032,0.767,singlet
86,0.427,0.036,0.537,singlet
87,0.073,0.1,0.827,singlet
88,0.004,0.044,0.952,singlet
89,0.006,0.004,0.99,singlet
90,0.417,0.225,0.358,hetero
91,0.37,0.014,0.616,singlet
92,0.002,0.054,0.944,singlet
93,0.001,0.022,0.977,singlet
94,0.043,0.15,0.807,singlet
95,0.014,0.031,0.955,singlet
96,0.0,0.0,1.0,singlet
97,0.001,0.022,0.977,singlet
98,0.008,0.01,0.982,singlet
99,0.023,0.038,0.939,singlet
100,0.349,0.196,0.455,singlet
101,0.013,0.05,0.937,singlet
102,0.016,0.009,0.975,singlet
103,0.111,0.046,0.843,singlet
104,0.013,0.077,0.91,singlet
105,0.018,0.014,0.968,singlet
106,0.009,0.104,0.887,singlet
107,0.001,0.01,0.989,singlet
108,0.001,0.002,0.997,singlet
109,0.054,0.143,0.803,singlet
110,0.01,0.041,0.949,singlet
111,0.009,0.018,0.973,singlet
112,0.178,0.15,0.672,singlet
113,0.006,0.066,0.928,singlet
114,0.005,0.023,0.972,singlet
115,0.005,0.013,0.982,singlet
116,0.039,0.076,0.885,singlet
117,0.011,0.023,0.966,singlet
118,0.004,0.007,0.989,singlet
119,0.001,0.028,0.971,singlet
120,0.001,0.01,0.989,singlet
121,0.001,0.006,0.993,singlet
122,0.0,0.002,0.998,singlet
123,0.5,0.028,0.472,hetero
124,0.022,0.052,0.926,singlet
125,0.457,0.042,0.501,singlet
126,0.0,0.004,0.996,singlet
127,0.003,0.012,0.985,singlet
128,0.006,0.024,0.97,singlet
129,0.038,0.189,0.773,singlet
130,0.012,0.038,0.95,singlet
131,0.082,0.255,0.663,singlet
132,0.0,0.008,0.992,singlet
133,0.009,0.015,0.976,singlet
134,0.006,0.021,0.973,singlet
135,0.104,0.226,0.67,singlet
136,0.001,0.017,0.982,singlet
137,0.475,0.059,0.466,hetero
138,0.225,0.132,0.643,singlet
139,0.25,0.208,0.542,singlet
140,0.001,0.006,0.993,singlet
141,0.004,0.032,0.964,singlet
142,0.006,0.014,0.98,singlet
143,0.003,0.036,0.961,singlet
144,0.019,0.048,0.933,singlet
145,0.002,0.004,0.994,singlet
146,0.015,0.032,0.953,singlet
147,0.01,0.019,0.971,singlet
148,0.148,0.033,0.819,singlet
149,0.077,0.067,0.856,singlet
150,0.403,0.141,0.456,singlet
151,0.005,0.012,0.983,singlet
152,0.005,0.067,0.928,singlet
153,0.002,0.013,0.985,singlet
154,0.003,0.005,0.992,singlet
155,0.032,0.026,0.942,singlet
156,0.001,0.014,0.985,singlet
157,0.045,0.041,0.914,singlet
158,0.0,0.003,0.997,singlet
159,0.003,0.008,0.989,singlet
160,0.01,0.102,0.888,singlet
161,0.009,0.061,0.93,singlet
162,0.008,0.021,0.971,singlet
163,0.002,0.041,0.957,singlet
164,0.002,0.024,0.974,singlet
165,0.001,0.01,0.989,singlet
166,0.006,0.029,0.965,singlet
167,0.008,0.034,0.958,singlet
168,0.003,0.015,0.982,singlet
169,0.009,0.108,0.883,singlet
170,0.0,0.0,1.0,singlet
171,0.072,0.05,0.878,singlet
172,0.001,0.006,0.993,singlet
173,0.206,0.02,0.774,singlet
174,0.014,0.031,0.955,singlet
175,0.004,0.01,0.986,singlet
176,0.01,0.044,0.946,singlet
177,0.002,0.028,0.97,singlet
178,0.288,0.02,0.692,singlet
179,0.001,0.01,0.989,singlet
180,0.003,0.027,0.97,singlet
181,0.015,0.107,0.878,singlet
182,0.008,0.031,0.961,singlet
183,0.046,0.167,0.787,singlet
184,0.0,0.003,0.997,singlet
185,0.018,0.045,0.937,singlet
186,0.723,0.007,0.27,hetero
187,0.028,0.027,0.945,singlet
188,0.02,0.111,0.869,singlet
189,0.02,0.085,0.895,singlet
190,0.13,0.075,0.795,singlet
191,0.206,0.061,0.733,singlet
192,0.002,0.009,0.989,singlet
193,0.388,0.036,0.576,singlet
194,0.0,0.003,0.997,singlet
195,0.01,0.036,0.954,singlet
196,0.006,0.078,0.916,singlet
197,0.004,0.019,0.977,singlet
198,0.299,0.034,0.667,singlet
199,0.511,0.052,0.437,hetero
200,0.0,0.024,0.976,singlet
201,0.076,0.286,0.638,singlet
202,0.621,0.042,0.337,hetero
203,0.089,0.117,0.794,singlet
204,0.031,0.028,0.941,singlet
205,0.001,0.021,0.978,singlet
206,0.007,0.033,0.96,singlet
207,0.005,0.089,0.906,singlet
208,0.031,0.122,0.847,singlet
209,0.021,0.026,0.953,singlet
210,0.0,0.009,0.991,singlet
211,0.005,0.112,0.883,singlet
212,0.0,0.005,0.995,singlet
213,0.009,0.02,0.971,singlet
214,0.004,0.021,0.975,singlet
215,0.007,0.01,0.983,singlet
216,0.007,0.022,0.971,singlet
217,0.427,0.014,0.559,singlet
218,0.004,0.021,0.975,singlet
219,0.007,0.046,0.947,singlet
220,0.001,0.003,0.996,singlet
221,0.005,0.04,0.955,singlet
222,0.307,0.013,0.68,singlet
223,0.007,0.024,0.969,singlet
224,0.017,0.023,0.96,singlet
225,0.066,0.073,0.861,singlet
226,0.007,0.035,0.958,singlet
227,0.007,0.09,0.903,singlet
228,0.017,0.053,0.93,singlet
229,0.005,0.0,0.995,singlet
230,0.001,0.003,0.996,singlet
231,0.01,0.039,0.951,singlet
232,0.007,0.018,0.975,singlet
233,0.01,0.054,0.936,singlet
234,0.027,0.051,0.922,singlet
235,0.006,0.039,0.955,singlet
236,0.018,0.032,0.95,singlet
237,0.012,0.044,0.944,singlet
238,0.002,0.018,0.98,singlet
239,0.002,0.031,0.967,singlet
240,0.013,0.024,0.963,singlet
241,0.009,0.06,0.931,singlet
242,0.002,0.009,0.989,singlet
243,0.003,0.005,0.992,singlet
244,0.039,0.113,0.848,singlet
245,0.483,0.011,0.506,singlet
246,0.018,0.057,0.925,singlet
247,0.019,0.102,0.879,singlet
248,0.0,0.021,0.979,singlet
249,0.002,0.003,0.995,singlet
250,0.258,0.04,0.702,singlet
251,0.001,0.011,0.988,singlet
252,0.013,0.019,0.968,singlet
253,0.0,0.003,0.997,singlet
254,0.003,0.004,0.993,singlet
255,0.012,0.15,0.838,singlet
256,0.227,0.201,0.572,singlet
257,0.014,0.033,0.953,singlet
258,0.001,0.004,0.995,singlet
259,0.005,0.038,0.957,singlet
260,0.008,0.044,0.948,singlet
261,0.008,0.023,0.969,singlet
262,0.416,0.145,0.439,singlet
263,0.066,0.114,0.82,singlet
264,0.0,0.004,0.996,singlet
265,0.0,0.003,0.997,singlet
266,0.003,0.007,0.99,singlet
267,0.033,0.011,0.956,singlet
268,0.011,0.015,0.974,singlet
269,0.014,0.061,0.925,singlet
270,0.017,0.03,0.953,singlet
271,0.002,0.009,0.989,singlet
272,0.026,0.023,0.951,singlet
273,0.01,0.027,0.963,singlet
274,0.008,0.027,0.965,singlet
275,0.001,0.001,0.998,singlet
276,0.001,0.002,0.997,singlet
277,0.002,0.017,0.981,singlet
278,0.009,0.029,0.962,singlet
279,0.018,0.014,0.968,singlet
280,0.028,0.04,0.932,singlet
281,0.051,0.177,0.772,singlet
282,0.449,0.016,0.535,singlet
283,0.002,0.014,0.984,singlet
284,0.062,0.299,0.639,singlet
285,0.107,0.042,0.851,singlet
286,0.001,0.015,0.984,singlet
287,0.017,0.07,0.913,singlet
288,0.034,0.077,0.889,singlet
289,0.003,0.009,0.988,singlet
290,0.318,0.049,0.633,singlet
291,0.017,0.041,0.942,singlet
292,0.009,0.043,0.948,singlet
293,0.01,0.011,0.979,singlet
294,0.008,0.067,0.925,singlet
295,0.036,0.053,0.911,singlet
296,0.0,0.012,0.988,singlet
297,0.0,0.0,1.0,singlet
298,0.01,0.021,0.969,singlet
299,0.007,0.01,0.983,singlet
300,0.0,0.001,0.999,singlet
301,0.018,0.073,0.909,singlet
302,0.024,0.011,0.965,singlet
303,0.0,0.002,0.998,singlet
304,0.004,0.014,0.982,singlet
305,0.004,0.013,0.983,singlet
306,0.006,0.025,0.969,singlet
307,0.006,0.031,0.963,singlet
308,0.138,0.044,0.818,singlet
309,0.002,0.01,0.988,singlet
310,0.0,0.0,1.0,singlet
311,0.263,0.028,0.709,singlet
312,0.532,0.02,0.448,hetero
313,0.001,0.001,0.998,singlet
314,0.033,0.039,0.928,singlet
315,0.001,0.029,0.97,singlet
316,0.236,0.237,0.527,singlet
317,0.027,0.049,0.924,singlet
318,0.002,0.005,0.993,singlet
319,0.002,0.002,0.996,singlet
320,0.007,0.046,0.947,singlet
321,0.007,0.009,0.984,singlet
322,0.003,0.027,0.97,singlet
323,0.013,0.11,0.877,singlet
324,0.003,0.007,0.99,singlet
325,0.037,0.145,0.818,singlet
326,0.005,0.027,0.968,singlet
327,0.0,0.007,0.993,singlet
328,0.002,0.018,0.98,singlet
329,0.0,0.013,0.987,singlet
330,0.092,0.103,0.805,singlet
331,0.004,0.008,0.988,singlet
332,0.005,0.028,0.967,singlet
333,0.001,0.049,0.95,singlet
334,0.005,0.032,0.963,singlet
335,0.008,0.011,0.981,singlet
336,0.12,0.118,0.762,singlet
337,0.004,0.009,0.987,singlet
338,0.015,0.043,0.942,singlet
339,0.015,0.066,0.919,singlet
340,0.238,0.039,0.723,singlet
341,0.001,0.008,0.991,singlet
342,0.015,0.036,0.949,singlet
343,0.005,0.05,0.945,singlet
344,0.032,0.003,0.965,singlet
345,0.344,0.116,0.54,singlet
346,0.003,0.011,0.986,singlet
347,0.123,0.158,0.719,singlet
348,0.007,0.033,0.96,singlet
349,0.001,0.008,0.991,singlet
350,0.007,0.006,0.987,singlet
351,0.012,0.019,0.969,singlet
352,0.0,0.002,0.998,singlet
353,0.007,0.025,0.968,singlet
354,0.003,0.007,0.99,singlet
355,0.572,0.031,0.397,hetero
356,0.001,0.013,0.986,singlet
357,0.003,0.03,0.967,singlet
358,0.012,0.033,0.955,singlet
359,0.173,0.171,0.656,singlet
360,0.625,0.007,0.368,hetero
361,0.002,0.03,0.968,singlet
362,0.017,0.065,0.918,singlet
363,0.015,0.021,0.964,singlet
364,0.014,0.051,0.935,singlet
365,0.007,0.016,0.977,singlet
366,0.01,0.051,0.939,singlet
367,0.001,0.012,0.987,singlet
368,0.008,0.02,0.972,singlet
369,0.016,0.042,0.942,singlet
370,0.103,0.044,0.853,singlet
371,0.007,0.017,0.976,singlet
372,0.048,0.067,0.885,singlet
373,0.015,0.04,0.945,singlet
374,0.153,0.3,0.547,singlet
375,0.001,0.007,0.992,singlet
376,0.33,0.029,0.641,singlet
377,0.012,0.014,0.974,singlet
378,0.016,0.031,0.953,singlet
379,0.001,0.023,0.976,singlet
380,0.0,0.019,0.981,singlet
381,0.042,0.028,0.93,singlet
382,0.009,0.017,0.974,singlet
383,0.01,0.033,0.957,singlet
384,0.0,0.018,0.982,singlet
385,0.003,0.009,0.988,singlet
386,0.009,0.07,0.921,singlet
387,0.003,0.03,0.967,singlet
388,0.001,0.041,0.958,singlet
389,0.012,0.079,0.909,singlet
390,0.014,0.042,0.944,singlet
391,0.018,0.071,0.911,singlet
392,0.0,0.006,0.994,singlet
393,0.01,0.038,0.952,singlet
394,0.0,0.002,0.998,singlet
395,0.006,0.023,0.971,singlet
396,0.206,0.134,0.66,singlet
397,0.001,0.017,0.982,singlet
398,0.006,0.024,0.97,singlet
399,0.02,0.043,0.937,singlet
400,0.036,0.132,0.832,singlet
401,0.006,0.022,0.972,singlet
402,0.0,0.0,1.0,singlet
403,0.042,0.042,0.916,singlet
404,0.009,0.004,0.987,singlet
405,0.006,0.078,0.916,singlet
406,0.006,0.004,0.99,singlet
407,0.009,0.005,0.986,singlet
408,0.003,0.03,0.967,singlet
409,0.006,0.053,0.941,singlet
410,0.004,0.019,0.977,singlet
411,0.01,0.045,0.945,singlet
412,0.01,0.02,0.97,singlet
413,0.113,0.034,0.852,singlet
414,0.001,0.007,0.992,singlet
415,0.01,0.049,0.941,singlet
416,0.008,0.108,0.884,singlet
417,0.003,0.014,0.983,singlet
418,0.04,0.038,0.922,singlet
419,0.015,0.14,0.845,singlet
420,0.004,0.016,0.98,singlet
421,0.002,0.022,0.976,singlet
422,0.009,0.031,0.96,singlet
423,0.023,0.043,0.934,singlet
424,0.333,0.128,0.539,singlet
425,0.004,0.026,0.97,singlet
426,0.014,0.012,0.974,singlet
427,0.015,0.075,0.91,singlet
428,0.003,0.018,0.979,singlet
429,0.008,0.051,0.941,singlet
430,0.007,0.047,0.946,singlet
431,0.678,0.024,0.298,hetero
432,0.013,0.04,0.947,singlet
433,0.01,0.017,0.973,singlet
434,0.003,0.012,0.985,singlet
435,0.003,0.034,0.963,singlet
436,0.0,0.013,0.987,singlet
437,0.003,0.012,0.985,singlet
438,0.008,0.049,0.943,singlet
439,0.001,0.041,0.958,singlet
440,0.0,0.011,0.989,singlet
441,0.014,0.01,0.976,singlet
442,0.012,0.038,0.95,singlet
443,0.002,0.019,0.979,singlet
444,0.001,0.026,0.973,singlet
445,0.022,0.069,0.909,singlet
446,0.006,0.026,0.968,singlet
447,0.009,0.037,0.954,singlet
448,0.005,0.031,0.964,singlet
449,0.0,0.003,0.997,singlet
450,0.003,0.01,0.987,singlet
451,0.043,0.112,0.845,singlet
452,0.01,0.038,0.952,singlet
453,0.001,0.012,0.987,singlet
454,0.034,0.052,0.914,singlet
455,0.204,0.112,0.684,singlet
456,0.252,0.048,0.7,singlet
457,0.0,0.007,0.993,singlet
458,0.096,0.162,0.742,singlet
459,0.004,0.019,0.977,singlet
460,0.003,0.007,0.99,singlet
461,0.133,0.243,0.624,singlet
462,0.021,0.071,0.908,singlet
463,0.003,0.019,0.978,singlet
464,0.025,0.039,0.936,singlet
465,0.055,0.065,0.88,singlet
466,0.005,0.014,0.981,singlet
467,0.012,0.051,0.937,singlet
468,0.005,0.007,0.988,singlet
469,0.0,0.0,1.0,singlet
470,0.009,0.048,0.943,singlet
471,0.018,0.046,0.936,singlet
472,0.074,0.209,0.717,singlet
473,0.006,0.007,0.987,singlet
474,0.001,0.025,0.974,singlet
475,0.031,0.101,0.868,singlet
476,0.003,0.008,0.989,singlet
477,0.006,0.019,0.975,singlet
478,0.005,0.035,0.96,singlet
479,0.001,0.001,0.998,singlet
480,0.001,0.021,0.978,singlet
481,0.01,0.03,0.96,singlet
482,0.017,0.032,0.951,singlet
483,0.019,0.03,0.951,singlet
484,0.03,0.116,0.854,singlet
485,0.009,0.008,0.983,singlet
486,0.001,0.004,0.995,singlet
487,0.0,0.002,0.998,singlet
488,0.007,0.111,0.882,singlet
489,0.003,0.067,0.93,singlet
490,0.002,0.007,0.991,singlet
491,0.01,0.045,0.945,singlet
492,0.012,0.069,0.919,singlet
493,0.027,0.055,0.918,singlet
494,0.008,0.027,0.965,singlet
495,0.031,0.017,0.952,singlet
496,0.01,0.053,0.937,singlet
497,0.011,0.039,0.95,singlet
498,0.002,0.048,0.95,singlet
499,0.048,0.06,0.892,singlet
500,0.017,0.06,0.923,singlet
501,0.009,0.045,0.946,singlet
502,0.001,0.007,0.992,singlet
503,0.061,0.044,0.895,singlet
504,0.015,0.06,0.925,singlet
505,0.0,0.006,0.994,singlet
506,0.005,0.063,0.932,singlet
507,0.053,0.034,0.913,singlet
508,0.015,0.096,0.889,singlet
509,0.006,0.041,0.953,singlet
510,0.001,0.009,0.99,singlet
511,0.017,0.043,0.94,singlet
512,0.019,0.06,0.921,singlet
513,0.012,0.042,0.946,singlet
514,0.014,0.058,0.928,singlet
515,0.011,0.013,0.976,singlet
516,0.014,0.09,0.896,singlet
517,0.0,0.0,1.0,singlet
518,0.497,0.019,0.484,hetero
519,0.035,0.093,0.872,singlet
520,0.001,0.013,0.986,singlet
521,0.002,0.015,0.983,singlet
522,0.001,0.025,0.974,singlet
523,0.015,0.045,0.94,singlet
524,0.007,0.054,0.939,singlet
525,0.0,0.001,0.999,singlet
526,0.065,0.235,0.7,singlet
527,0.006,0.018,0.976,singlet
528,0.001,0.013,0.986,singlet
529,0.006,0.045,0.949,singlet
530,0.007,0.024,0.969,singlet
531,0.003,0.004,0.993,singlet
532,0.0,0.006,0.994,singlet
533,0.004,0.025,0.971,singlet
534,0.08,0.146,0.774,singlet
535,0.067,0.252,0.681,singlet
536,0.007,0.028,0.965,singlet
537,0.0,0.002,0.998,singlet
538,0.004,0.023,0.973,singlet
539,0.0,0.001,0.999,singlet
540,0.006,0.016,0.978,singlet
541,0.049,0.072,0.879,singlet
542,0.052,0.23,0.718,singlet
543,0.006,0.01,0.984,singlet
544,0.032,0.039,0.929,singlet
545,0.012,0.006,0.982,singlet
546,0.008,0.016,0.976,singlet
547,0.02,0.028,0.952,singlet
548,0.116,0.053,0.831,singlet
549,0.018,0.028,0.954,singlet
550,0.001,0.001,0.998,singlet
551,0.002,0.013,0.985,singlet
552,0.016,0.061,0.923,singlet
553,0.154,0.138,0.708,singlet
554,0.005,0.053,0.942,singlet
555,0.007,0.022,0.971,singlet
556,0.016,0.016,0.968,singlet
557,0.001,0.002,0.997,singlet
558,0.011,0.113,0.876,singlet
559,0.154,0.171,0.675,singlet
560,0.007,0.123,0.87,singlet
561,0.003,0.008,0.989,singlet
562,0.07,0.087,0.843,singlet
563,0.023,0.055,0.922,singlet
564,0.035,0.118,0.847,singlet
565,0.001,0.006,0.993,singlet
566,0.008,0.043,0.949,singlet
567,0.009,0.041,0.95,singlet
568,0.003,0.002,0.995,singlet
569,0.502,0.028,0.47,hetero
570,0.006,0.025,0.969,singlet
571,0.0,0.009,0.991,singlet
572,0.261,0.193,0.546,singlet
573,0.006,0.033,0.961,singlet
574,0.39,0.044,0.566,singlet
575,0.229,0.141,0.63,singlet
576,0.004,0.038,0.958,singlet
577,0.005,0.041,0.954,singlet
578,0.0,0.002,0.998,singlet
579,0.001,0.006,0.993,singlet
580,0.071,0.047,0.882,singlet
581,0.001,0.002,0.997,singlet
582,0.014,0.067,0.919,singlet
583,0.209,0.042,0.749,singlet
584,0.092,0.154,0.754,singlet
585,0.006,0.02,0.974,singlet
586,0.011,0.025,0.964,singlet
587,0.017,0.053,0.93,singlet
588,0.001,0.005,0.994,singlet
589,0.036,0.045,0.919,singlet
590,0.002,0.004,0.994,singlet
591,0.144,0.119,0.737,singlet
592,0.005,0.035,0.96,singlet
593,0.164,0.039,0.797,singlet
594,0.268,0.02,0.712,singlet
595,0.004,0.021,0.975,singlet
596,0.066,0.191,0.743,singlet
597,0.355,0.052,0.593,singlet
598,0.383,0.241,0.376,hetero
599,0.485,0.02,0.495,singlet
600,0.152,0.037,0.811,singlet
601,0.008,0.055,0.937,singlet
602,0.012,0.059,0.929,singlet
603,0.004,0.08,0.916,singlet
604,0.012,0.105,0.883,singlet
605,0.035,0.063,0.902,singlet
606,0.01,0.037,0.953,singlet
607,0.001,0.014,0.985,singlet
608,0.147,0.083,0.77,singlet
609,0.002,0.011,0.987,singlet
610,0.0,0.01,0.99,singlet
611,0.006,0.013,0.981,singlet
612,0.035,0.3,0.665,singlet
613,0.019,0.062,0.919,singlet
614,0.005,0.068,0.927,singlet
615,0.108,0.141,0.751,singlet
616,0.002,0.005,0.993,singlet
617,0.039,0.057,0.904,singlet
618,0.019,0.238,0.743,singlet
619,0.014,0.007,0.979,singlet
620,0.024,0.026,0.95,singlet
621,0.012,0.023,0.965,singlet
622,0.001,0.0,0.999,singlet
623,0.006,0.051,0.943,singlet
624,0.016,0.03,0.954,singlet
625,0.086,0.333,0.581,singlet
626,0.001,0.003,0.996,singlet
627,0.0,0.0,1.0,singlet
628,0.003,0.028,0.969,singlet
629,0.026,0.131,0.843,singlet
630,0.004,0.006,0.99,singlet
631,0.006,0.002,0.992,singlet
632,0.007,0.026,0.967,singlet
633,0.015,0.052,0.933,singlet
634,0.037,0.01,0.953,singlet
635,0.0,0.015,0.985,singlet
636,0.013,0.058,0.929,singlet
637,0.004,0.024,0.972,singlet
638,0.0,0.002,0.998,singlet
639,0.004,0.058,0.938,singlet
640,0.023,0.019,0.958,singlet
641,0.474,0.139,0.387,hetero
642,0.277,0.028,0.695,singlet
643,0.001,0.003,0.996,singlet
644,0.012,0.024,0.964,singlet
645,0.308,0.013,0.679,singlet
646,0.007,0.045,0.948,singlet
647,0.014,0.062,0.924,singlet
648,0.025,0.033,0.942,singlet
649,0.034,0.024,0.942,singlet
650,0.002,0.015,0.983,singlet
651,0.004,0.049,0.947,singlet
652,0.004,0.029,0.967,singlet
653,0.006,0.029,0.965,singlet
654,0.011,0.016,0.973,singlet
655,0.001,0.009,0.99,singlet
656,0.0,0.004,0.996,singlet
657,0.002,0.008,0.99,singlet
658,0.005,0.01,0.985,singlet
659,0.009,0.021,0.97,singlet
660,0.008,0.033,0.959,singlet
661,0.011,0.035,0.954,singlet
662,0.015,0.052,0.933,singlet
663,0.11,0.129,0.761,singlet
664,0.188,0.151,0.661,singlet
665,0.291,0.018,0.691,singlet
666,0.45,0.018,0.532,singlet
667,0.0,0.009,0.991,singlet
668,0.017,0.051,0.932,singlet
669,0.004,0.028,0.968,singlet
670,0.02,0.023,0.957,singlet
671,0.0,0.004,0.996,singlet
672,0.038,0.096,0.866,singlet
673,0.008,0.065,0.927,singlet
674,0.02,0.054,0.926,singlet
675,0.0,0.004,0.996,singlet
676,0.039,0.118,0.843,singlet
677,0.003,0.015,0.982,singlet
678,0.017,0.072,0.911,singlet
679,0.003,0.044,0.953,singlet
680,0.006,0.007,0.987,singlet
681,0.0,0.01,0.99,singlet
682,0.032,0.039,0.929,singlet
683,0.001,0.015,0.984,singlet
684,0.016,0.121,0.863,singlet
685,0.003,0.017,0.98,singlet
686,0.359,0.06,0.581,singlet
687,0.201,0.168,0.631,singlet
688,0.002,0.016,0.982,singlet
689,0.11,0.061,0.829,singlet
690,0.021,0.035,0.944,singlet
691,0.004,0.021,0.975,singlet
692,0.001,0.023,0.976,singlet
693,0.003,0.002,0.995,singlet
694,0.006,0.052,0.942,singlet
695,0.012,0.029,0.959,singlet
696,0.009,0.086,0.905,singlet
697,0.013,0.08,0.907,singlet
698,0.338,0.011,0.651,singlet
699,0.006,0.029,0.965,singlet
700,0.005,0.069,0.926,singlet
701,0.157,0.089,0.754,singlet
702,0.649,0.006,0.345,hetero
703,0.002,0.026,0.972,singlet
704,0.0,0.009,0.991,singlet
705,0.011,0.004,0.985,singlet
706,0.001,0.009,0.99,singlet
707,0.004,0.032,0.964,singlet
708,0.206,0.035,0.759,singlet
709,0.0,0.013,0.987,singlet
710,0.001,0.011,0.988,singlet
711,0.011,0.09,0.899,singlet
712,0.004,0.023,0.973,singlet
713,0.002,0.02,0.978,singlet
714,0.0,0.008,0.992,singlet
715,0.002,0.005,0.993,singlet
716,0.053,0.099,0.848,singlet
717,0.235,0.05,0.715,singlet
718,0.01,0.045,0.945,singlet
719,0.0,0.006,0.994,singlet
720,0.018,0.073,0.909,singlet
721,0.005,0.03,0.965,singlet
722,0.02,0.038,0.942,singlet
723,0.035,0.035,0.93,singlet
724,0.025,0.068,0.907,singlet
725,0.05,0.04,0.91,singlet
726,0.009,0.024,0.967,singlet
727,0.004,0.073,0.923,singlet
728,0.009,0.031,0.96,singlet
729,0.094,0.331,0.575,singlet
730,0.029,0.081,0.89,singlet
731,0.005,0.01,0.985,singlet
732,0.143,0.088,0.769,singlet
733,0.011,0.074,0.915,singlet
734,0.006,0.045,0.949,singlet
735,0.018,0.07,0.912,singlet
736,0.001,0.021,0.978,singlet
737,0.738,0.001,0.261,hetero
738,0.003,0.007,0.99,singlet
739,0.002,0.008,0.99,singlet
740,0.156,0.046,0.798,singlet
741,0.004,0.079,0.917,singlet
742,0.737,0.018,0.245,hetero
743,0.071,0.075,0.854,singlet
744,0.009,0.001,0.99,singlet
745,0.008,0.025,0.967,singlet
746,0.011,0.044,0.945,singlet
747,0.017,0.039,0.944,singlet
748,0.001,0.015,0.984,singlet
749,0.006,0.022,0.972,singlet
750,0.295,0.015,0.69,singlet
751,0.002,0.023,0.975,singlet
752,0.01,0.038,0.952,singlet
753,0.008,0.016,0.976,singlet
754,0.008,0.036,0.956,singlet
755,0.012,0.028,0.96,singlet
756,0.014,0.071,0.915,singlet
757,0.011,0.031,0.958,singlet
758,0.008,0.045,0.947,singlet
759,0.014,0.04,0.946,singlet
760,0.139,0.106,0.755,singlet
761,0.001,0.02,0.979,singlet
762,0.013,0.036,0.951,singlet
763,0.031,0.043,0.926,singlet
764,0.033,0.169,0.798,singlet
765,0.003,0.01,0.987,singlet
766,0.025,0.081,0.894,singlet
767,0.024,0.061,0.915,singlet
768,0.007,0.005,0.988,singlet
769,0.014,0.061,0.925,singlet
770,0.015,0.018,0.967,singlet
771,0.003,0.008,0.989,singlet
772,0.01,0.025,0.965,singlet
773,0.013,0.033,0.954,singlet
774,0.264,0.022,0.714,singlet
775,0.352,0.058,0.59,singlet
776,0.019,0.034,0.947,singlet
777,0.396,0.059,0.545,singlet
778,0.144,0.048,0.808,singlet
779,0.004,0.011,0.985,singlet
780,0.0,0.01,0.99,singlet
781,0.006,0.075,0.919,singlet
782,0.004,0.029,0.967,singlet
783,0.284,0.032,0.684,singlet
784,0.007,0.015,0.978,singlet
785,0.01,0.03,0.96,singlet
786,0.0,0.0,1.0,singlet
787,0.01,0.024,0.966,singlet
788,0.01,0.031,0.959,singlet
789,0.011,0.02,0.969,singlet
790,0.253,0.188,0.559,singlet
791,0.0,0.006,0.994,singlet
792,0.406,0.012,0.582,singlet
793,0.024,0.045,0.931,singlet
794,0.003,0.003,0.994,singlet
795,0.001,0.003,0.996,singlet
796,0.355,0.041,0.604,singlet
797,0.167,0.03,0.803,singlet
798,0.01,0.018,0.972,singlet
799,0.014,0.037,0.949,singlet
800,0.065,0.069,0.866,singlet
801,0.0,0.003,0.997,singlet
802,0.008,0.062,0.93,singlet
803,0.003,0.003,0.994,singlet
804,0.008,0.04,0.952,singlet
805,0.012,0.031,0.957,singlet
806,0.012,0.03,0.958,singlet
807,0.224,0.132,0.644,singlet
808,0.002,0.023,0.975,singlet
809,0.0,0.002,0.998,singlet
810,0.001,0.033,0.966,singlet
811,0.678,0.006,0.316,hetero
812,0.428,0.027,0.545,singlet
813,0.104,0.046,0.85,singlet
814,0.045,0.13,0.825,singlet
815,0.012,0.035,0.953,singlet
816,0.0,0.002,0.998,singlet
817,0.004,0.04,0.956,singlet
818,0.021,0.042,0.937,singlet
819,0.001,0.025,0.974,singlet
820,0.011,0.026,0.963,singlet
821,0.006,0.026,0.968,singlet
822,0.004,0.011,0.985,singlet
823,0.005,0.046,0.949,singlet
824,0.0,0.006,0.994,singlet
825,0.008,0.038,0.954,singlet
826,0.006,0.043,0.951,singlet
827,0.151,0.056,0.793,singlet
828,0.007,0.096,0.897,singlet
829,0.004,0.03,0.966,singlet
830,0.0,0.009,0.991,singlet
831,0.312,0.076,0.612,singlet
832,0.007,0.068,0.925,singlet
833,0.002,0.012,0.986,singlet
834,0.008,0.048,0.944,singlet
835,0.192,0.092,0.716,singlet
836,0.021,0.039,0.94,singlet
837,0.002,0.01,0.988,singlet
838,0.018,0.027,0.955,singlet
839,0.003,0.032,0.965,singlet
840,0.002,0.023,0.975,singlet
841,0.009,0.046,0.945,singlet
842,0.005,0.051,0.944,singlet
843,0.04,0.048,0.912,singlet
844,0.003,0.011,0.986,singlet
845,0.445,0.01,0.545,singlet
846,0.0,0.005,0.995,singlet
847,0.009,0.039,0.952,singlet
848,0.018,0.054,0.928,singlet
849,0.001,0.092,0.907,singlet
850,0.004,0.027,0.969,singlet
851,0.457,0.187,0.356,hetero
852,0.001,0.006,0.993,singlet
853,0.143,0.144,0.713,singlet
854,0.011,0.022,0.967,singlet
855,0.023,0.096,0.881,singlet
856,0.497,0.03,0.473,hetero
857,0.0,0.013,0.987,singlet
858,0.024,0.029,0.947,singlet
859,0.226,0.059,0.715,singlet
860,0.0,0.017,0.983,singlet
861,0.011,0.057,0.932,singlet
862,0.007,0.056,0.937,singlet
863,0.014,0.041,0.945,singlet
864,0.002,0.014,0.984,singlet
865,0.013,0.033,0.954,singlet
866,0.018,0.044,0.938,singlet
867,0.001,0.02,0.979,singlet
868,0.008,0.005,0.987,singlet
869,0.007,0.054,0.939,singlet
870,0.009,0.044,0.947,singlet
871,0.003,0.034,0.963,singlet
872,0.009,0.029,0.962,singlet
873,0.013,0.059,0.928,singlet
874,0.001,0.007,0.992,singlet
875,0.002,0.014,0.984,singlet
876,0.006,0.1,0.894,singlet
877,0.007,0.027,0.966,singlet
878,0.017,0.008,0.975,singlet
879,0.001,0.012,0.987,singlet
880,0.006,0.031,0.963,singlet
881,0.011,0.055,0.934,singlet
882,0.009,0.042,0.949,singlet
883,0.008,0.053,0.939,singlet
884,0.018,0.027,0.955,singlet
885,0.0,0.01,0.99,singlet
886,0.012,0.031,0.957,singlet
887,0.02,0.089,0.891,singlet
888,0.01,0.047,0.943,singlet
889,0.003,0.031,0.966,singlet
890,0.007,0.062,0.931,singlet
891,0.01,0.045,0.945,singlet
892,0.003,0.013,0.984,singlet
893,0.011,0.053,0.936,singlet
894,0.001,0.016,0.983,singlet
895,0.01,0.066,0.924,singlet
896,0.043,0.019,0.938,singlet
897,0.017,0.045,0.938,singlet
898,0.017,0.064,0.919,singlet
899,0.004,0.021,0.975,singlet
900,0.196,0.128,0.676,singlet
901,0.012,0.028,0.96,singlet
902,0.362,0.03,0.608,singlet
903,0.016,0.025,0.959,singlet
904,0.017,0.064,0.919,singlet
905,0.009,0.012,0.979,singlet
906,0.006,0.001,0.993,singlet
907,0.016,0.035,0.949,singlet
908,0.0,0.001,0.999,singlet
909,0.016,0.008,0.976,singlet
910,0.016,0.058,0.926,singlet
911,0.006,0.026,0.968,singlet
912,0.226,0.341,0.433,singlet
913,0.085,0.131,0.784,singlet
914,0.012,0.032,0.956,singlet
915,0.008,0.077,0.915,singlet
916,0.011,0.035,0.954,singlet
917,0.03,0.059,0.911,singlet
918,0.002,0.004,0.994,singlet
919,0.01,0.049,0.941,singlet
920,0.016,0.085,0.899,singlet
921,0.057,0.212,0.731,singlet
922,0.02,0.047,0.933,singlet
923,0.271,0.173,0.556,singlet
924,0.008,0.05,0.942,singlet
925,0.016,0.035,0.949,singlet
926,0.007,0.019,0.974,singlet
927,0.007,0.007,0.986,singlet
928,0.008,0.012,0.98,singlet
929,0.026,0.052,0.922,singlet
930,0.005,0.05,0.945,singlet
931,0.003,0.009,0.988,singlet
932,0.049,0.05,0.901,singlet
933,0.004,0.025,0.971,singlet
934,0.03,0.036,0.934,singlet
935,0.006,0.025,0.969,singlet
936,0.039,0.226,0.735,singlet
937,0.013,0.048,0.939,singlet
938,0.086,0.177,0.737,singlet
939,0.005,0.024,0.971,singlet
940,0.001,0.003,0.996,singlet
941,0.018,0.035,0.947,singlet
942,0.0,0.0,1.0,singlet
943,0.016,0.083,0.901,singlet
944,0.274,0.011,0.715,singlet
945,0.003,0.055,0.942,singlet
946,0.011,0.04,0.949,singlet
947,0.009,0.068,0.923,singlet
948,0.001,0.002,0.997,singlet
949,0.039,0.105,0.856,singlet
950,0.004,0.05,0.946,singlet
951,0.003,0.017,0.98,singlet
952,0.008,0.023,0.969,singlet
953,0.004,0.009,0.987,singlet
954,0.0,0.002,0.998,singlet
955,0.391,0.055,0.554,singlet
956,0.008,0.06,0.932,singlet
957,0.006,0.025,0.969,singlet
958,0.056,0.034,0.91,singlet
959,0.007,0.041,0.952,singlet
960,0.004,0.031,0.965,singlet
961,0.113,0.072,0.815,singlet
962,0.001,0.007,0.992,singlet
963,0.009,0.013,0.978,singlet
964,0.016,0.072,0.912,singlet
965,0.002,0.032,0.966,singlet
966,0.016,0.058,0.926,singlet
967,0.54,0.014,0.446,hetero
968,0.003,0.012,0.985,singlet
969,0.01,0.043,0.947,singlet
970,0.383,0.011,0.606,singlet
971,0.016,0.15,0.834,singlet
972,0.002,0.008,0.99,singlet
973,0.001,0.012,0.987,singlet
974,0.236,0.215,0.549,singlet
975,0.0,0.023,0.977,singlet
976,0.02,0.043,0.937,singlet
977,0.007,0.045,0.948,singlet
978,0.009,0.126,0.865,singlet
979,0.245,0.012,0.743,singlet
980,0.007,0.017,0.976,singlet
981,0.047,0.011,0.942,singlet
982,0.005,0.019,0.976,singlet
983,0.0,0.004,0.996,singlet
984,0.004,0.024,0.972,singlet
985,0.014,0.085,0.901,singlet
986,0.01,0.043,0.947,singlet
987,0.016,0.069,0.915,singlet
988,0.004,0.097,0.899,singlet
989,0.011,0.053,0.936,singlet
990,0.015,0.022,0.963,singlet
991,0.014,0.046,0.94,singlet
992,0.0,0.007,0.993,singlet
993,0.042,0.083,0.875,singlet
994,0.007,0.025,0.968,singlet
995,0.006,0.06,0.934,singlet
996,0.008,0.047,0.945,singlet
997,0.223,0.069,0.708,singlet
998,0.038,0.041,0.921,singlet
999,0.007,0.079,0.914,singlet
1000,0.006,0.033,0.961,singlet
1001,0.006,0.023,0.971,singlet
1002,0.135,0.136,0.729,singlet
1003,0.0,0.028,0.972,singlet
1004,0.001,0.024,0.975,singlet
1005,0.146,0.119,0.735,singlet
1006,0.0,0.02,0.98,singlet
1007,0.005,0.017,0.978,singlet
1008,0.081,0.045,0.874,singlet
1009,0.001,0.004,0.995,singlet
1010,0.001,0.021,0.978,singlet
1011,0.004,0.022,0.974,singlet
1012,0.006,0.061,0.933,singlet
1013,0.025,0.005,0.97,singlet
1014,0.002,0.013,0.985,singlet
1015,0.34,0.177,0.483,singlet
1016,0.003,0.031,0.966,singlet
1017,0.017,0.058,0.925,singlet
1018,0.079,0.068,0.853,singlet
1019,0.002,0.005,0.993,singlet
1020,0.0,0.0,1.0,singlet
1021,0.0,0.002,0.998,singlet
1022,0.145,0.146,0.709,singlet
1023,0.059,0.222,0.719,singlet
1024,0.054,0.049,0.897,singlet
1025,0.207,0.133,0.66,singlet
1026,0.009,0.03,0.961,singlet
1027,0.004,0.023,0.973,singlet
1028,0.0,0.007,0.993,singlet
1029,0.007,0.07,0.923,singlet
1030,0.004,0.021,0.975,singlet
1031,0.019,0.075,0.906,singlet
1032,0.0,0.0,1.0,singlet
1033,0.01,0.058,0.932,singlet
1034,0.022,0.062,0.916,singlet
1035,0.002,0.004,0.994,singlet
1036,0.013,0.032,0.955,singlet
1037,0.006,0.01,0.984,singlet
1038,0.48,0.011,0.508,singlet
1039,0.003,0.013,0.984,singlet
1040,0.005,0.024,0.971,singlet
1041,0.597,0.012,0.391,hetero
1042,0.011,0.054,0.935,singlet
1043,0.071,0.247,0.682,singlet
1044,0.003,0.032,0.965,singlet
1045,0.016,0.061,0.923,singlet
1046,0.012,0.004,0.984,singlet
1047,0.0,0.008,0.992,singlet
1048,0.103,0.033,0.864,singlet
1049,0.002,0.017,0.981,singlet
1050,0.064,0.066,0.87,singlet
1051,0.001,0.015,0.984,singlet
1052,0.014,0.108,0.878,singlet
1053,0.003,0.024,0.973,singlet
1054,0.003,0.014,0.983,singlet
1055,0.0,0.006,0.994,singlet
1056,0.005,0.026,0.969,singlet
1057,0.002,0.015,0.983,singlet
1058,0.007,0.016,0.977,singlet
1059,0.007,0.023,0.97,singlet
1060,0.007,0.048,0.945,singlet
1061,0.026,0.002,0.972,singlet
1062,0.014,0.033,0.953,singlet
1063,0.018,0.056,0.926,singlet
1064,0.005,0.021,0.974,singlet
1065,0.005,0.016,0.979,singlet
1066,0.02,0.034,0.946,singlet
1067,0.037,0.047,0.916,singlet
1068,0.027,0.013,0.96,singlet
1069,0.309,0.026,0.665,singlet
1070,0.007,0.032,0.961,singlet
1071,0.009,0.015,0.976,singlet
1072,0.01,0.025,0.965,singlet
1073,0.029,0.092,0.879,singlet
1074,0.001,0.006,0.993,singlet
1075,0.336,0.031,0.633,singlet
1076,0.001,0.014,0.985,singlet
1077,0.033,0.227,0.74,singlet
1078,0.044,0.297,0.659,singlet
1079,0.019,0.041,0.94,singlet
1080,0.067,0.068,0.865,singlet
1081,0.015,0.014,0.971,singlet
1082,0.008,0.072,0.92,singlet
1083,0.119,0.139,0.742,singlet
1084,0.147,0.33,0.523,singlet
1085,0.0,0.043,0.957,singlet
1086,0.011,0.044,0.945,singlet
1087,0.008,0.04,0.952,singlet
1088,0.048,0.034,0.918,singlet
1089,0.007,0.029,0.964,singlet
1090,0.002,0.025,0.973,singlet
1091,0.01,0.027,0.963,singlet
1092,0.003,0.014,0.983,singlet
1093,0.013,0.03,0.957,singlet
1094,0.036,0.045,0.919,singlet
1095,0.424,0.162,0.414,hetero
1096,0.004,0.087,0.909,singlet
1097,0.071,0.235,0.694,singlet
1098,0.0,0.002,0.998,singlet
1099,0.002,0.028,0.97,singlet
1100,0.01,0.034,0.956,singlet
1101,0.028,0.113,0.859,singlet
1102,0.0,0.007,0.993,singlet
1103,0.004,0.015,0.981,singlet
1104,0.006,0.032,0.962,singlet
1105,0.0,0.015,0.985,singlet
1106,0.014,0.054,0.932,singlet
1107,0.005,0.061,0.934,singlet
1108,0.1,0.055,0.845,singlet
1109,0.006,0.024,0.97,singlet
1110,0.001,0.009,0.99,singlet
1111,0.114,0.113,0.773,singlet
1112,0.472,0.043,0.485,singlet
1113,0.001,0.018,0.981,singlet
1114,0.006,0.023,0.971,singlet
1115,0.003,0.043,0.954,singlet
1116,0.001,0.014,0.985,singlet
1117,0.282,0.028,0.69,singlet
1118,0.002,0.045,0.953,singlet
1119,0.543,0.015,0.442,hetero
1120,0.113,0.149,0.738,singlet
1121,0.0,0.011,0.989,singlet
1122,0.002,0.041,0.957,singlet
1123,0.015,0.047,0.938,singlet
1124,0.006,0.072,0.922,singlet
1125,0.03,0.067,0.903,singlet
1126,0.005,0.062,0.933,singlet
1127,0.005,0.025,0.97,singlet
1128,0.002,0.01,0.988,singlet
1129,0.006,0.039,0.955,singlet
1130,0.003,0.027,0.97,singlet
1131,0.015,0.076,0.909,singlet
1132,0.0,0.01,0.99,singlet
1133,0.004,0.023,0.973,singlet
1134,0.01,0.043,0.947,singlet
1135,0.006,0.015,0.979,singlet
1136,0.401,0.012,0.587,singlet
1137,0.048,0.056,0.896,singlet
1138,0.006,0.016,0.978,singlet
1139,0.005,0.04,0.955,singlet
1140,0.089,0.029,0.882,singlet
1141,0.002,0.008,0.99,singlet
1142,0.0,0.0,1.0,singlet
1143,0.154,0.029,0.817,singlet
1144,0.016,0.025,0.959,singlet
1145,0.014,0.088,0.898,singlet
1146,0.004,0.021,0.975,singlet
1147,0.071,0.136,0.793,singlet
1148,0.02,0.124,0.856,singlet
1149,0.01,0.021,0.969,singlet
1150,0.001,0.005,0.994,singlet
1151,0.001,0.0,0.999,singlet
1152,0.015,0.074,0.911,singlet
1153,0.018,0.046,0.936,singlet
1154,0.008,0.005,0.987,singlet
1155,0.005,0.015,0.98,singlet
1156,0.0,0.012,0.988,singlet
1157,0.006,0.016,0.978,singlet
1158,0.011,0.052,0.937,singlet
1159,0.421,0.058,0.521,singlet
1160,0.004,0.026,0.97,singlet
1161,0.04,0.038,0.922,singlet
1162,0.0,0.007,0.993,singlet
1163,0.051,0.328,0.621,singlet
1164,0.004,0.021,0.975,singlet
1165,0.009,0.056,0.935,singlet
1166,0.0,0.039,0.961,singlet
1167,0.009,0.013,0.978,singlet
1168,0.001,0.007,0.992,singlet
1169,0.0,0.009,0.991,singlet
1170,0.051,0.017,0.932,singlet
1171,0.006,0.007,0.987,singlet
1172,0.038,0.069,0.893,singlet
1173,0.008,0.026,0.966,singlet
1174,0.003,0.014,0.983,singlet
1175,0.114,0.228,0.658,singlet
1176,0.007,0.036,0.957,singlet
1177,0.053,0.018,0.929,singlet
1178,0.03,0.138,0.832,singlet
1179,0.009,0.016,0.975,singlet
1180,0.017,0.03,0.953,singlet
1181,0.032,0.115,0.853,singlet
1182,0.009,0.04,0.951,singlet
1183,0.093,0.032,0.875,singlet
1184,0.052,0.065,0.883,singlet
1185,0.964,0.0,0.036,hetero
1186,0.014,0.043,0.943,singlet
1187,0.007,0.051,0.942,singlet
1188,0.306,0.038,0.656,singlet
1189,0.004,0.001,0.995,singlet
1190,0.004,0.022,0.974,singlet
1191,0.021,0.018,0.961,singlet
1192,0.002,0.041,0.957,singlet
1193,0.003,0.023,0.974,singlet
1194,0.004,0.08,0.916,singlet
1195,0.001,0.002,0.997,singlet
1196,0.01,0.022,0.968,singlet
1197,0.022,0.058,0.92,singlet
1198,0.013,0.113,0.874,singlet
1199,0.027,0.018,0.955,singlet
1200,0.005,0.083,0.912,singlet
1201,0.489,0.094,0.417,hetero
1202,0.007,0.046,0.947,singlet
1203,0.026,0.082,0.892,singlet
1204,0.001,0.009,0.99,singlet
1205,0.017,0.043,0.94,singlet
1206,0.033,0.037,0.93,singlet
1207,0.018,0.102,0.88,singlet
1208,0.001,0.065,0.934,singlet
1209,0.0,0.004,0.996,singlet
1210,0.006,0.035,0.959,singlet
1211,0.009,0.016,0.975,singlet
1212,0.011,0.031,0.958,singlet
1213,0.06,0.044,0.896,singlet
1214,0.0,0.023,0.977,singlet
1215,0.001,0.007,0.992,singlet
1216,0.032,0.079,0.889,singlet
1217,0.0,0.006,0.994,singlet
1218,0.093,0.139,0.768,singlet
1219,0.01,0.05,0.94,singlet
1220,0.004,0.041,0.955,singlet
1221,0.21,0.009,0.781,singlet
1222,0.006,0.018,0.976,singlet
1223,0.163,0.047,0.79,singlet
1224,0.005,0.033,0.962,singlet
1225,0.013,0.043,0.944,singlet
1226,0.549,0.034,0.417,hetero
1227,0.025,0.062,0.913,singlet
1228,0.02,0.053,0.927,singlet
1229,0.0,0.007,0.993,singlet
1230,0.001,0.013,0.986,singlet
1231,0.002,0.035,0.963,singlet
1232,0.001,0.028,0.971,singlet
1233,0.004,0.055,0.941,singlet
1234,0.01,0.013,0.977,singlet
1235,0.05,0.141,0.809,singlet
1236,0.006,0.039,0.955,singlet
1237,0.012,0.064,0.924,singlet
1238,0.003,0.007,0.99,singlet
1239,0.209,0.017,0.774,singlet
1240,0.003,0.011,0.986,singlet
1241,0.024,0.038,0.938,singlet
1242,0.004,0.038,0.958,singlet
1243,0.005,0.011,0.984,singlet
1244,0.0,0.026,0.974,singlet
1245,0.015,0.074,0.911,singlet
1246,0.003,0.033,0.964,singlet
1247,0.042,0.124,0.834,singlet
1248,0.127,0.039,0.834,singlet
1249,0.275,0.274,0.451,singlet
1250,0.013,0.039,0.948,singlet
1251,0.003,0.022,0.975,singlet
1252,0.285,0.122,0.593,singlet
1253,0.0,0.011,0.989,singlet
1254,0.003,0.021,0.976,singlet
1255,0.464,0.019,0.517,singlet
1256,0.023,0.09,0.887,singlet
1257,0.469,0.015,0.516,singlet
1258,0.003,0.007,0.99,singlet
1259,0.0,0.0,1.0,singlet
1260,0.001,0.01,0.989,singlet
1261,0.006,0.064,0.93,singlet
1262,0.004,0.003,0.993,singlet
1263,0.025,0.031,0.944,singlet
1264,0.024,0.134,0.842,singlet
1265,0.012,0.034,0.954,singlet
1266,0.17,0.063,0.767,singlet
1267,0.01,0.022,0.968,singlet
1268,0.003,0.027,0.97,singlet
1269,0.005,0.056,0.939,singlet
1270,0.551,0.006,0.443,hetero
1271,0.013,0.042,0.945,singlet
1272,0.012,0.029,0.959,singlet
1273,0.022,0.038,0.94,singlet
1274,0.016,0.098,0.886,singlet
1275,0.002,0.008,0.99,singlet
1276,0.006,0.057,0.937,singlet
1277,0.013,0.076,0.911,singlet
1278,0.026,0.063,0.911,singlet
1279,0.123,0.158,0.719,singlet
1280,0.009,0.021,0.97,singlet
1281,0.005,0.019,0.976,singlet
1282,0.0,0.009,0.991,singlet
1283,0.051,0.068,0.881,singlet
1284,0.075,0.038,0.887,singlet
1285,0.006,0.021,0.973,singlet
1286,0.001,0.003,0.996,singlet
1287,0.012,0.057,0.931,singlet
1288,0.005,0.038,0.957,singlet
1289,0.083,0.227,0.69,singlet
1290,0.012,0.023,0.965,singlet
1291,0.004,0.021,0.975,singlet
1292,0.009,0.025,0.966,singlet
1293,0.011,0.026,0.963,singlet
1294,0.009,0.072,0.919,singlet
1295,0.007,0.028,0.965,singlet
1296,0.002,0.008,0.99,singlet
1297,0.008,0.028,0.964,singlet
1298,0.283,0.128,0.589,singlet
1299,0.0,0.028,0.972,singlet
1300,0.015,0.078,0.907,singlet
1301,0.128,0.035,0.837,singlet
1302,0.045,0.185,0.77,singlet
1303,0.004,0.025,0.971,singlet
1304,0.007,0.001,0.992,singlet
1305,0.01,0.01,0.98,singlet
1306,0.005,0.028,0.967,singlet
1307,0.001,0.001,0.998,singlet
1308,0.009,0.034,0.957,singlet
1309,0.008,0.02,0.972,singlet
1310,0.472,0.024,0.504,singlet
1311,0.016,0.119,0.865,singlet
1312,0.048,0.236,0.716,singlet
1313,0.006,0.041,0.953,singlet
1314,0.011,0.065,0.924,singlet
1315,0.017,0.067,0.916,singlet
1316,0.02,0.087,0.893,singlet
1317,0.054,0.026,0.92,singlet
1318,0.009,0.038,0.953,singlet
1319,0.062,0.16,0.778,singlet
1320,0.014,0.032,0.954,singlet
1321,0.124,0.042,0.834,singlet
1322,0.002,0.006,0.992,singlet
1323,0.002,0.046,0.952,singlet
1324,0.045,0.11,0.845,singlet
1325,0.005,0.054,0.941,singlet
1326,0.008,0.063,0.929,singlet
1327,0.103,0.067,0.83,singlet
1328,0.006,0.024,0.97,singlet
1329,0.002,0.018,0.98,singlet
1330,0.028,0.064,0.908,singlet
1331,0.014,0.036,0.95,singlet
1332,0.004,0.017,0.979,singlet
1333,0.019,0.078,0.903,singlet
1334,0.002,0.013,0.985,singlet
1335,0.015,0.014,0.971,singlet
1336,0.017,0.098,0.885,singlet
1337,0.001,0.004,0.995,singlet
1338,0.0,0.015,0.985,singlet
1339,0.0,0.02,0.98,singlet
1340,0.162,0.157,0.681,singlet
1341,0.008,0.063,0.929,singlet
1342,0.023,0.034,0.943,singlet
1343,0.009,0.014,0.977,singlet
1344,0.024,0.037,0.939,singlet
1345,0.005,0.029,0.966,singlet
